
	


local OrionLib = loadstring(game:HttpGet(('https://raw.githubusercontent.com/shlexware/Orion/main/source')))()

local Window = OrionLib:MakeWindow({Name = "Sina Hub|Bakon [EVENT 🛸]", HidePremium = false, IntroText = "Sina Hub", SaveConfig = true, ConfigFolder = "OrionTest"})

OrionLib:MakeNotification({
	Name = "Bakon GUI",
	Content = "Welcome To Bakon GUI That Made By (Sina)",
	Image = "rbxassetid://4483345998",
	Time = 5
})


 

local Tab = Window:MakeTab({
	Name = "LocalPlayer",
	Icon = "rbxassetid://7204839398",
	PremiumOnly = false
})




Tab:AddSlider({
	Name = "WalkSpeed",
	Min = 16,
	Max = 500,
	Default = 5,
	Color = Color3.fromRGB(255,255,255),
	Increment = 1,
	ValueName = "WalkSpeed",
	Callback = function(Value)
		 game.Players.LocalPlayer.Character.Humanoid.WalkSpeed = (Value)
	end    
})


Tab:AddSlider({
	Name = "JumpPower",
	Min = 30,
	Max = 500,
	Default = 5,
	Color = Color3.fromRGB(255,255,255),
	Increment = 1,
	ValueName = "JumpPower",
	Callback = function(Value)
		 game.Players.LocalPlayer.Character.Humanoid.JumpPower = (Value)
	end    
})




Tab:AddButton({

	Name = "🛠️Btools🛠️",
	Callback = function()
local tool1 = Instance.new("HopperBin",game.Players.LocalPlayer.Backpack)
local tool3 = Instance.new("HopperBin",game.Players.LocalPlayer.Backpack)
local tool5 = Instance.new("HopperBin",game.Players.LocalPlayer.Backpack)
tool1.BinType = "Clone"
tool3.BinType = "Hammer"
tool5.BinType = "Grab"
	end


})

Tab:AddButton({

	Name = "Dex Explorer V2",
	Callback = function()
	loadstring(game:HttpGet("https://cdn.wearedevs.net/scripts/Dex%20Explorer.txt"))()
	end


})

Tab:AddButton({
	Name = "Dex Explorer V4",
	Callback = function()
	loadstring(game:HttpGet("https://raw.githubusercontent.com/SpaceSpiffer/Scripts/main/Script5", true))()
end
})




Tab:AddButton({
	Name = "Infinite Yield Admin",
	Callback = function()
	loadstring(game:HttpGet("https://cdn.wearedevs.net/scripts/Infinite%20Yield.txt"))()
end
})


local Tab = Window:MakeTab({
	Name = "Bakon's Estate",
	Icon = "rbxassetid://4483345998",
	PremiumOnly = false
})

Tab:AddLabel("Chapter 1 Bakon's Estate")

Tab:AddToggle({
	Name = "Auto Farm",
	Default = false,
	Callback = function(Value)
		if Value then

		game.Players.LocalPlayer.Character.HumanoidRootPart.CFrame = CFrame.new(-106.373703, 5.00753784, -178.609558, -0.00394718349, -8.32764115e-08, -0.999992192, -2.65516142e-08, 1, -8.31722602e-08, 0.999992192, 2.62231108e-08, -0.00394718349)
		wait(1)
		fireclickdetector(game.Workspace.CurrentMap:FindFirstChildOfClass("Folder").Utilities["Wrench"].Bounds.PickUp)
		wait(1)
		game.Players.LocalPlayer.Backpack["Wrench"].Parent=game.Players.LocalPlayer.Character
		wait(1)
		game.Players.LocalPlayer.Character.HumanoidRootPart.CFrame = CFrame.new(-106.22699, 5.00753689, -191.261398, -0.0283546541, 1.6532848e-08, -0.999597907, 4.95577712e-09, 1, 1.63989231e-08, 0.999597907, -4.48879867e-09, -0.0283546541)
	    wait(1)
		fireclickdetector(game.Workspace.CurrentMap:FindFirstChildOfClass("Folder").Utilities["USB"].Bounds.PickUp)
		wait(1)
		game.Players.LocalPlayer.Backpack["USB"].Parent=game.Players.LocalPlayer.Character
		wait(1)
		fireclickdetector(game.Workspace.CurrentMap:FindFirstChildOfClass("Folder").Utilities["Crowbar"].Bounds.PickUp)
		wait(1)
		game.Players.LocalPlayer.Backpack["Crowbar"].Parent=game.Players.LocalPlayer.Character
		wait(1)
		game.Players.LocalPlayer.Character.HumanoidRootPart.CFrame = CFrame.new(-106.604462, 5.00753784, -183.133072, -0.0438867286, -4.59137581e-08, -0.999036491, -1.28745823e-08, 1, -4.53924685e-08, 0.999036491, 1.08700506e-08, -0.0438867286)
		wait(1)
		fireclickdetector(game.Workspace.CurrentMap:FindFirstChildOfClass("Folder").Utilities["White Key"].Bounds.PickUp)
		wait(1)
		game.Players.LocalPlayer.Backpack["White Key"].Parent=game.Players.LocalPlayer.Character
		wait(1)
		game.Players.LocalPlayer.Character.HumanoidRootPart.CFrame = CFrame.new(-182.047394, 41.0075264, -167.651459, 0.992571115, 2.0226981e-08, 0.121665917, -1.56727733e-08, 1, -3.83890537e-08, -0.121665917, 3.61970223e-08, 0.992571115)
		wait(1)
		fireclickdetector(game.Workspace.CurrentMap:FindFirstChildOfClass("Folder").Utilities["Truss"].Bounds.PickUp)
		wait(1)
		game.Players.LocalPlayer.Backpack["Truss"].Parent=game.Players.LocalPlayer.Character
	    wait(1)
		game.Players.LocalPlayer.Character.HumanoidRootPart.CFrame = CFrame.new(-180.69371, 41.0075264, -262.599426, 0.999739945, 5.99310326e-08, -0.0228050891, -5.87138445e-08, 1, 5.40431984e-08, 0.0228050891, -5.26901687e-08, 0.999739945)
		wait(1)
		fireclickdetector(game.Workspace.CurrentMap:FindFirstChildOfClass("Folder").Utilities["Green Book"].Bounds.PickUp)
		wait(1)
		game.Players.LocalPlayer.Backpack["Green Book"].Parent=game.Players.LocalPlayer.Character
		wait(1)
		game.Players.LocalPlayer.Character.HumanoidRootPart.CFrame = CFrame.new(-182.83429, 41.0075264, -262.649475, 0.999996483, 2.60487365e-08, -0.00265599275, -2.60293032e-08, 1, 7.35154604e-09, 0.00265599275, -7.28238669e-09, 0.999996483)
		wait(1)
		fireclickdetector(game.Workspace.CurrentMap:FindFirstChildOfClass("Folder").Utilities["Red Book"].Bounds.PickUp)
		wait(1)
		game.Players.LocalPlayer.Backpack["Red Book"].Parent=game.Players.LocalPlayer.Character
		wait(1)
		game.Players.LocalPlayer.Character.HumanoidRootPart.CFrame = CFrame.new(-185.198853, 41.0075264, -262.37854, 0.999175608, 1.02060653e-07, -0.0405963287, -1.01919085e-07, 1, 5.55686608e-09, 0.0405963287, -1.41474454e-09, 0.999175608)
		wait(1)
		fireclickdetector(game.Workspace.CurrentMap:FindFirstChildOfClass("Folder").Utilities["Blue Book"].Bounds.PickUp)
		wait(1)
		game.Players.LocalPlayer.Backpack["Blue Book"].Parent=game.Players.LocalPlayer.Character
		wait(1)
		 game.Players.LocalPlayer.Character.HumanoidRootPart.CFrame = CFrame.new(-109.899643, 5.70000458, -184.262741, 0.00577948103, -1.00717186e-08, -0.999983311, 5.05354443e-08, 1, -9.7798134e-09, 0.999983311, -5.04780786e-08, 0.00577948103)


else
		game.Players.LocalPlayer.Character.HumanoidRootPart.Anchored = false
	
	end
end    
})

Tab:AddButton({
	Name = "Door TP",
	Callback = function()
 game.Players.LocalPlayer.Character.HumanoidRootPart.CFrame = CFrame.new(-109.899643, 5.70000458, -184.262741, 0.00577948103, -1.00717186e-08, -0.999983311, 5.05354443e-08, 1, -9.7798134e-09, 0.999983311, -5.04780786e-08, 0.00577948103)

end
})


Tab:AddButton({
	Name = "Truss Set TP",
	Callback = function()
 game.Players.LocalPlayer.Character.HumanoidRootPart.CFrame = CFrame.new(-181.695206, 41.6999969, -164.445099, 0.999999225, -2.0700881e-09, -0.00122609024, 2.09842099e-09, 1, 2.3106935e-08, 0.00122609024, -2.31094894e-08, 0.999999225)

end
})


Tab:AddButton({
	Name = "Green Key",
	Callback = function()
    fireclickdetector(game.Workspace.CurrentMap:FindFirstChildOfClass("Folder").Utilities["Green Key"].Bounds.PickUp)
end
})



Tab:AddButton({
	Name = "Blue Key",
	Callback = function()
    fireclickdetector(game.Workspace.CurrentMap:FindFirstChildOfClass("Folder").Utilities["Blue Key"].Bounds.PickUp)
end
})

Tab:AddButton({
	Name = "Yellow Key",
	Callback = function()
    fireclickdetector(game.Workspace.CurrentMap:FindFirstChildOfClass("Folder").Utilities["Yellow Key"].Bounds.PickUp)
end
})


Tab:AddButton({
	Name = "Purple Key",
	Callback = function()
    fireclickdetector(game.Workspace.CurrentMap:FindFirstChildOfClass("Folder").Utilities["Purple Key"].Bounds.PickUp)
end
})

Tab:AddButton({
	Name = "Orange Key",
	Callback = function()
    fireclickdetector(game.Workspace.CurrentMap:FindFirstChildOfClass("Folder").Utilities["Orange Key"].Bounds.PickUp)
end
})

Tab:AddButton({
	Name = "Red Key",
	Callback = function()
    fireclickdetector(game.Workspace.CurrentMap:FindFirstChildOfClass("Folder").Utilities["Red Key"].Bounds.PickUp)
end
})	

Tab:AddButton({
	Name = "White Key",
	Callback = function()
    fireclickdetector(game.Workspace.CurrentMap:FindFirstChildOfClass("Folder").Utilities["White Key"].Bounds.PickUp)
end
})


Tab:AddButton({
	Name = "Taser",
	Callback = function()
    fireclickdetector(game.Workspace.CurrentMap:FindFirstChildOfClass("Folder").Utilities["Taser"].Bounds.PickUp)
end
})


Tab:AddButton({
	Name = "Truss",
	Callback = function()
    fireclickdetector(game.Workspace.CurrentMap:FindFirstChildOfClass("Folder").Utilities["Truss"].Bounds.PickUp)
end
})

Tab:AddButton({
	Name = "Crowbar",
	Callback = function()
    fireclickdetector(game.Workspace.CurrentMap:FindFirstChildOfClass("Folder").Utilities["Crowbar"].Bounds.PickUp)
end
})

Tab:AddButton({
	Name = "Wrench",
	Callback = function()
    fireclickdetector(game.Workspace.CurrentMap:FindFirstChildOfClass("Folder").Utilities["Wrench"].Bounds.PickUp)
end
})

Tab:AddButton({
	Name = "USB",
	Callback = function()
    fireclickdetector(game.Workspace.CurrentMap:FindFirstChildOfClass("Folder").Utilities["USB"].Bounds.PickUp)
end
})


Tab:AddButton({
	Name = "Red Book",
	Callback = function()
    fireclickdetector(game.Workspace.CurrentMap:FindFirstChildOfClass("Folder").Utilities["Red Book"].Bounds.PickUp)
end
})



Tab:AddButton({
	Name = "Green Book",
	Callback = function()
    fireclickdetector(game.Workspace.CurrentMap:FindFirstChildOfClass("Folder").Utilities["Green Book"].Bounds.PickUp)
end
})


Tab:AddButton({
	Name = "Blue Book",
	Callback = function()
    fireclickdetector(game.Workspace.CurrentMap:FindFirstChildOfClass("Folder").Utilities["Blue Book"].Bounds.PickUp)
end
})




local Tab = Window:MakeTab({
	Name = "Library",
	Icon = "rbxassetid://4483345998",
	PremiumOnly = false
})

Tab:AddLabel("Chapter 2 Library")


local Section = Tab:AddSection({
	Name = "Click Button's To Get Them"
})

Tab:AddToggle({
	Name = "Auto Farm",
	Default = false,
	Callback = function(Value)
		if Value then

	--Crowbar		
		game.Players.LocalPlayer.Character.HumanoidRootPart.CFrame = CFrame.new(6.35981941, 4.0075326, -94.3586655, -0.999670565, 1.23240051e-09, 0.0256673228, 5.4660837e-10, 1, -2.67255071e-08, -0.0256673228, -2.67026721e-08, -0.999670565)
		fireclickdetector(game.Workspace.CurrentMap:FindFirstChildOfClass("Folder").Utilities["Crowbar"].Bounds.PickUp)
		wait(1)
		game.Players.LocalPlayer.Backpack["Crowbar"].Parent=game.Players.LocalPlayer.Character
		wait(1)

		game.Players.LocalPlayer.Character.HumanoidRootPart.CFrame = CFrame.new(5.64478111, 4.00753021, -94.710228, -0.999553561, -2.27347048e-08, 0.0298786648, -2.41530032e-08, 1, -4.7107708e-08, -0.0298786648, -4.78083351e-08, -0.999553561)
		fireclickdetector(game.Workspace.CurrentMap:FindFirstChildOfClass("Folder").Utilities["White Key"].Bounds.PickUp)
		wait(1)

		game.Players.LocalPlayer.Backpack["White Key"].Parent=game.Players.LocalPlayer.Character
		wait(1)
		game.Players.LocalPlayer.Character.HumanoidRootPart.CFrame = CFrame.new(19.3979435, 4.00753212, -94.1880264, -0.994706869, -1.78105597e-09, 0.102753125, 4.26045466e-09, 1, 5.85769016e-08, -0.102753125, 5.87046216e-08, -0.994706869)
	
		fireclickdetector(game.Workspace.CurrentMap:FindFirstChildOfClass("Folder").Utilities["Green Wire"].Bounds.PickUp)
		wait(1)
		game.Players.LocalPlayer.Backpack["Green Wire"].Parent=game.Players.LocalPlayer.Character
		wait(1)
		game.Players.LocalPlayer.Character.HumanoidRootPart.CFrame = CFrame.new(20.0106621, 4.00753212, -94.3009644, -0.999608994, 3.34904477e-08, -0.027960822, 3.58600545e-08, 1, -8.42460182e-08, 0.027960822, -8.52157527e-08, -0.999608994)
		
		fireclickdetector(game.Workspace.CurrentMap:FindFirstChildOfClass("Folder").Utilities["Red Wire"].Bounds.PickUp)
		wait(1)
		game.Players.LocalPlayer.Backpack["Red Wire"].Parent=game.Players.LocalPlayer.Character
		wait(1)
		game.Players.LocalPlayer.Character.HumanoidRootPart.CFrame = CFrame.new(-70.7372742, 4.00753212, -192.20845, -0.0429208428, 1.41480516e-08, -0.999078453, 1.09078178e-08, 1, 1.36924969e-08, 0.999078453, -1.03100719e-08, -0.0429208428)

		fireclickdetector(game.Workspace.CurrentMap:FindFirstChildOfClass("Folder").Utilities["Red Key"].Bounds.PickUp)
		wait(1)
		game.Players.LocalPlayer.Backpack["Red Key"].Parent=game.Players.LocalPlayer.Character
		wait(1)
		game.Players.LocalPlayer.Character.HumanoidRootPart.CFrame = CFrame.new(-57.3010521, 4.25752926, -176.821121, -0.99898988, 6.61943531e-08, 0.0449361466, 6.52321432e-08, 1, -2.28791599e-08, -0.0449361466, -1.99247676e-08, -0.99898988)

		fireclickdetector(game.Workspace.CurrentMap:FindFirstChildOfClass("Folder").Utilities["Golden Gear"].Bounds.PickUp)
		wait(1)
		game.Players.LocalPlayer.Backpack["Golden Gear"].Parent=game.Players.LocalPlayer.Character
		wait(1)
		game.Players.LocalPlayer.Character.HumanoidRootPart.CFrame = CFrame.new(-14.0668669, 4.00753212, -135.640198, 0.998892009, -1.93588878e-08, -0.0470606908, 1.74265136e-08, 1, -4.14716226e-08, 0.0470606908, 4.06055705e-08, 0.998892009)

		fireclickdetector(game.Workspace.CurrentMap:FindFirstChildOfClass("Folder").Utilities["Wrench"].Bounds.PickUp)
		wait(1)
		game.Players.LocalPlayer.Backpack["Wrench"].Parent=game.Players.LocalPlayer.Character
		wait(1)
		game.Players.LocalPlayer.Character.HumanoidRootPart.CFrame = CFrame.new(6.86844969, 4.25753164, -98.0860825, -0.999412358, -1.14055831e-08, 0.0342777632, -1.41108458e-08, 1, -7.86798751e-08, -0.0342777632, -7.91173278e-08, -0.999412358)


else
	 game.Players.LocalPlayer.Character.HumanoidRootPart.Anchored = false

		end
	end

})


Tab:AddButton({
	Name = "Door TP",
	Callback = function()
game.Players.LocalPlayer.Character.HumanoidRootPart.CFrame = CFrame.new(6.86844969, 4.25753164, -98.0860825, -0.999412358, -1.14055831e-08, 0.0342777632, -1.41108458e-08, 1, -7.86798751e-08, -0.0342777632, -7.91173278e-08, -0.999412358)
end
})

Tab:AddButton({
	Name = "Golden Gear Set TP",
	Callback = function()
game.Players.LocalPlayer.Character.HumanoidRootPart.CFrame = CFrame.new(-57.5469971, 4.30553007, -178.887482, -0.999376893, 8.45450598e-10, -0.0352964923, 1.01918096e-09, 1, -4.90403851e-09, 0.0352964923, -4.93695618e-09, -0.999376893)
end
})




Tab:AddButton({
	Name = "Green Key",
	Callback = function()
    fireclickdetector(game.Workspace.CurrentMap:FindFirstChildOfClass("Folder").Utilities["Green Key"].Bounds.PickUp)
end
})


Tab:AddButton({
	Name = "Blue Key",
	Callback = function()
    fireclickdetector(game.Workspace.CurrentMap:FindFirstChildOfClass("Folder").Utilities["Blue Key"].Bounds.PickUp)
end
})

Tab:AddButton({
	Name = "Yellow Key",
	Callback = function()
    fireclickdetector(game.Workspace.CurrentMap:FindFirstChildOfClass("Folder").Utilities["Yellow Key"].Bounds.PickUp)
end
})


Tab:AddButton({
	Name = "Purple Key",
	Callback = function()
    fireclickdetector(game.Workspace.CurrentMap:FindFirstChildOfClass("Folder").Utilities["Purple Key"].Bounds.PickUp)
end
})

Tab:AddButton({
	Name = "Orange Key",
	Callback = function()
    fireclickdetector(game.Workspace.CurrentMap:FindFirstChildOfClass("Folder").Utilities["Orange Key"].Bounds.PickUp)
end
})




Tab:AddButton({
	Name = "Red Key",
	Callback = function()
    fireclickdetector(game.Workspace.CurrentMap:FindFirstChildOfClass("Folder").Utilities["Red Key"].Bounds.PickUp)
end
})	


Tab:AddButton({
	Name = "White Key",
	Callback = function()
    fireclickdetector(game.Workspace.CurrentMap:FindFirstChildOfClass("Folder").Utilities["White Key"].Bounds.PickUp)
end
})


Tab:AddButton({
	Name = "Crowbar",
	Callback = function()
    fireclickdetector(game.Workspace.CurrentMap:FindFirstChildOfClass("Folder").Utilities["Crowbar"].Bounds.PickUp)
end
})

Tab:AddButton({
	Name = "Plank",
	Callback = function()
    fireclickdetector(game.Workspace.CurrentMap:FindFirstChildOfClass("Folder").Utilities["Plank"].Bounds.PickUp)
end
})


Tab:AddButton({
	Name = "Golden Gear",
	Callback = function()
    fireclickdetector(game.Workspace.CurrentMap:FindFirstChildOfClass("Folder").Utilities["Golden Gear"].Bounds.PickUp)
end
})
Tab:AddButton({
	Name = "Wrench",
	Callback = function()
    fireclickdetector(game.Workspace.CurrentMap:FindFirstChildOfClass("Folder").Utilities["Wrench"].Bounds.PickUp)
end
})
Tab:AddButton({
	Name = "Taser",
	Callback = function()
    fireclickdetector(game.Workspace.CurrentMap:FindFirstChildOfClass("Folder").Utilities["Taser"].Bounds.PickUp)
end
})
Tab:AddButton({
	Name = "Green Wire",
	Callback = function()
    fireclickdetector(game.Workspace.CurrentMap:FindFirstChildOfClass("Folder").Utilities["Green Wire"].Bounds.PickUp)
end
})

Tab:AddButton({
	Name = "Red Wire",
	Callback = function()
    fireclickdetector(game.Workspace.CurrentMap:FindFirstChildOfClass("Folder").Utilities["Red Wire"].Bounds.PickUp)
end
})


Tab:AddButton({
	Name = "Light Bulb",
	Callback = function()
    fireclickdetector(game.Workspace.CurrentMap:FindFirstChildOfClass("Folder").Utilities["Light Bulb"].Bounds.PickUp)
end
})




local Tab = Window:MakeTab({
	Name = "Sewers",
	Icon = "rbxassetid://4483345998",
	PremiumOnly = false
})

Tab:AddLabel("Chapter 3 Sewers")

local Section = Tab:AddSection({
	Name = "Made By Sina, Enjoy"
})


Tab:AddToggle({
	Name = "Auto Farm",
	Default = false,
	Callback = function(Value)
		if Value then

		game.Players.LocalPlayer.Character.HumanoidRootPart.CFrame = CFrame.new(-343.697235, 5.25753498, -585.950989, -0.998289704, 2.08630446e-08, 0.0584610216, 1.57585553e-08, 1, -8.7775426e-08, -0.0584610216, -8.67040413e-08, -0.998289704)
		wait(1)
		fireclickdetector(game.Workspace.CurrentMap:FindFirstChildOfClass("Folder").Utilities["Lever"].Bounds.PickUp)
		wait(1)
		game.Players.LocalPlayer.Backpack["Lever"].Parent=game.Players.LocalPlayer.Character
		wait(1)
		game.Players.LocalPlayer.Character.HumanoidRootPart.CFrame = CFrame.new(-391.277405, 5.25753593, -573.883972, 0.0173337907, -1.01814912e-07, 0.999849737, -2.33656721e-08, 1, 1.02235283e-07, -0.999849737, -2.51342858e-08, 0.0173337907)
	    wait(1)
		fireclickdetector(game.Workspace.CurrentMap:FindFirstChildOfClass("Folder").Utilities["Plank"].Bounds.PickUp)
		wait(1)
		game.Players.LocalPlayer.Backpack["Plank"].Parent=game.Players.LocalPlayer.Character
		wait(1)
		game.Players.LocalPlayer.Character.HumanoidRootPart.CFrame = CFrame.new(-421.972504, 13.0418301, -556.443298, 0.998825848, -3.79124208e-06, -0.0484444611, 2.84847283e-06, 1, -1.95298635e-05, 0.0484444611, 1.93689411e-05, 0.998825848)
		wait(1)
		game.Players.LocalPlayer.Character.HumanoidRootPart.CFrame = CFrame.new(-419.434052, 14.2575293, -579.322754, 0.99993521, -2.26321202e-08, -0.0113837644, 2.32475674e-08, 1, 5.39312026e-08, 0.0113837644, -5.41923519e-08, 0.99993521)
		wait(1)
		fireclickdetector(game.Workspace.CurrentMap:FindFirstChildOfClass("Folder").Utilities["Yellow Valve"].Bounds.PickUp)
		wait(1)
		game.Players.LocalPlayer.Backpack["Yellow Valve"].Parent=game.Players.LocalPlayer.Character
		wait(1)
		game.Players.LocalPlayer.Character.HumanoidRootPart.CFrame = CFrame.new(-402.282501, 14.2575293, -579.50238, 0.9986462, 7.09168904e-11, -0.0520166419, -1.42013956e-10, 1, -1.36311773e-09, 0.0520166419, 1.36865941e-09, 0.9986462)
		fireclickdetector(game.Workspace.CurrentMap:FindFirstChildOfClass("Folder").Utilities["White Valve"].Bounds.PickUp)
		wait(1)
		game.Players.LocalPlayer.Backpack["White Valve"].Parent=game.Players.LocalPlayer.Character
		wait(1)
		game.Players.LocalPlayer.Character.HumanoidRootPart.CFrame = CFrame.new(-412.730225, 5.2575345, -640.283569, 0.0488831177, 8.90922252e-08, 0.99880451, 2.16653415e-08, 1, -9.02591992e-08, -0.99880451, 2.60515911e-08, 0.0488831177)
		fireclickdetector(game.Workspace.CurrentMap:FindFirstChildOfClass("Folder").Utilities["Crowbar"].Bounds.PickUp)
		wait(1)
		game.Players.LocalPlayer.Backpack["Crowbar"].Parent=game.Players.LocalPlayer.Character
		wait(1)
		game.Players.LocalPlayer.Character.HumanoidRootPart.CFrame = CFrame.new(-411.705719, 5.25753641, -638.946838, 0.0300726332, 1.75743775e-08, 0.99954772, -6.27322416e-09, 1, -1.73935923e-08, -0.99954772, -5.74731551e-09, 0.0300726332)
		fireclickdetector(game.Workspace.CurrentMap:FindFirstChildOfClass("Folder").Utilities["Thermite"].Bounds.PickUp)
		wait(1)
		game.Players.LocalPlayer.Backpack["Thermite"].Parent=game.Players.LocalPlayer.Character

else
		game.Players.LocalPlayer.Character.HumanoidRootPart.Anchored = false
	
	end
end    
})



Tab:AddButton({
	Name = "Green Key",
	Callback = function()
    fireclickdetector(game.Workspace.CurrentMap:FindFirstChildOfClass("Folder").Utilities["Green Key"].Bounds.PickUp)
end
})

Tab:AddButton({
	Name = "Door TP",
	Callback = function()
    game.Players.LocalPlayer.Character.HumanoidRootPart.CFrame = CFrame.new(-408.600342, 5.2575345, -640.760986, 0.00540667353, 2.41551956e-09, 0.999985397, 1.14277361e-08, 1, -2.47734189e-09, -0.999985397, 1.14409628e-08, 0.00540667353)
end
})



Tab:AddButton({
	Name = "Blue Key",
	Callback = function()
    fireclickdetector(game.Workspace.CurrentMap:FindFirstChildOfClass("Folder").Utilities["Blue Key"].Bounds.PickUp)
end
})

Tab:AddButton({
	Name = "Yellow Key",
	Callback = function()
    fireclickdetector(game.Workspace.CurrentMap:FindFirstChildOfClass("Folder").Utilities["Yellow Key"].Bounds.PickUp)
end
})


Tab:AddButton({
	Name = "Purple Key",
	Callback = function()
    fireclickdetector(game.Workspace.CurrentMap:FindFirstChildOfClass("Folder").Utilities["Purple Key"].Bounds.PickUp)
end
})

Tab:AddButton({
	Name = "Orange Key",
	Callback = function()
    fireclickdetector(game.Workspace.CurrentMap:FindFirstChildOfClass("Folder").Utilities["Orange Key"].Bounds.PickUp)
end
})

Tab:AddButton({
	Name = "Red Key",
	Callback = function()
    fireclickdetector(game.Workspace.CurrentMap:FindFirstChildOfClass("Folder").Utilities["Red Key"].Bounds.PickUp)
end
})	

Tab:AddButton({
	Name = "White Valve",
	Callback = function()
    fireclickdetector(game.Workspace.CurrentMap:FindFirstChildOfClass("Folder").Utilities["White Valve"].Bounds.PickUp)
end
})	

Tab:AddButton({
	Name = "Taser",
	Callback = function()
    fireclickdetector(game.Workspace.CurrentMap:FindFirstChildOfClass("Folder").Utilities["Taser"].Bounds.PickUp)
end
})







Tab:AddButton({
	Name = "Crowbar",
	Callback = function()
    fireclickdetector(game.Workspace.CurrentMap:FindFirstChildOfClass("Folder").Utilities["Crowbar"].Bounds.PickUp)
end
})
Tab:AddButton({
	Name = "Plank",
	Callback = function()
    fireclickdetector(game.Workspace.CurrentMap:FindFirstChildOfClass("Folder").Utilities["Plank"].Bounds.PickUp)
end
})



Tab:AddButton({
	Name = "Lever",
	Callback = function()
    fireclickdetector(game.Workspace.CurrentMap:FindFirstChildOfClass("Folder").Utilities["Lever"].Bounds.PickUp)
end
})



Tab:AddButton({
	Name = "Yellow Valve",
	Callback = function()
    fireclickdetector(game.Workspace.CurrentMap:FindFirstChildOfClass("Folder").Utilities["Yellow Valve"].Bounds.PickUp)
end
})



Tab:AddButton({
	Name = "Thermite",
	Callback = function()
    fireclickdetector(game.Workspace.CurrentMap:FindFirstChildOfClass("Folder").Utilities["Thermite"].Bounds.PickUp)
end
})




local Tab = Window:MakeTab({
	Name = "FlashBack",
	Icon = "rbxassetid://4483345998",
	PremiumOnly = false
})

Tab:AddLabel("Chapter 4 FlashBack")

local Section = Tab:AddSection({
	Name = "Made By Sina, Enjoy"
})


Tab:AddToggle({
	Name = "Auto Farm",
	Default = false,
	Callback = function(Value)
		if Value then

			
	 game.Players.LocalPlayer.Character.HumanoidRootPart.Anchored = false
		game.Players.LocalPlayer.Character.HumanoidRootPart.CFrame = CFrame.new(-1106.71497, 30.3271732, 145.461304, -0.999422073, 2.84156805e-08, 0.0339928791, 2.97265288e-08, 1, 3.80570491e-08, -0.0339928791, 3.90455455e-08, -0.999422073)
		wait(1)
		fireclickdetector(game.Workspace.CurrentMap:FindFirstChildOfClass("Folder").Utilities["FireExtinguisher"].Bounds.PickUp)
		wait(1)
		game.Players.LocalPlayer.Backpack["FireExtinguisher"].Parent=game.Players.LocalPlayer.Character
		wait(1)
		game.Players.LocalPlayer.Character.HumanoidRootPart.CFrame = CFrame.new(-1065.81677, 7.2771492, 21.9267464, 0.999944866, 5.63697782e-08, 0.0104980292, -5.54856534e-08, 1, -8.45094306e-08, -0.0104980292, 8.39222807e-08, 0.999944866)
	    wait(1)
		fireclickdetector(game.Workspace.CurrentMap:FindFirstChildOfClass("Folder").Utilities["Green Wire"].Bounds.PickUp)
		wait(1)
		game.Players.LocalPlayer.Backpack["Green Wire"].Parent=game.Players.LocalPlayer.Character
		wait(1)
		game.Players.LocalPlayer.Character.HumanoidRootPart.CFrame = CFrame.new(-1066.72729, 7.27715015, 22.0369244, 0.999931276, 6.30669206e-08, 0.0117211193, -6.31273167e-08, 1, 4.78284168e-09, -0.0117211193, -5.52243629e-09, 0.999931276)
		wait(1)
		fireclickdetector(game.Workspace.CurrentMap:FindFirstChildOfClass("Folder").Utilities["Red Wire"].Bounds.PickUp)
		wait(1)
		game.Players.LocalPlayer.Backpack["Red Wire"].Parent=game.Players.LocalPlayer.Character
		wait(1)
		game.Players.LocalPlayer.Character.HumanoidRootPart.CFrame = CFrame.new(-1127.45142, 7.27714777, 156.218369, 0.0383131169, 1.7656804e-08, -0.99926579, 8.58315516e-08, 1, 2.09606679e-08, 0.99926579, -8.65716032e-08, 0.0383131169)
		wait(1)
		fireclickdetector(game.Workspace.CurrentMap:FindFirstChildOfClass("Folder").Utilities["Textbook"].Bounds.PickUp)
		wait(1)
		game.Players.LocalPlayer.Backpack["Textbook"].Parent=game.Players.LocalPlayer.Character
		wait(1)
		game.Players.LocalPlayer.Character.HumanoidRootPart.CFrame = CFrame.new(-951.963501, 30.3271732, 75.6165466, 0.0378431007, 1.51205697e-08, 0.999283671, 5.73377656e-09, 1, -1.53485473e-08, -0.999283671, 6.3105059e-09, 0.0378431007)
		wait(1)
		fireclickdetector(game.Workspace.CurrentMap:FindFirstChildOfClass("Folder").Utilities["Orange Key"].Bounds.PickUp)
		wait(1)
		game.Players.LocalPlayer.Backpack["Orange Key"].Parent=game.Players.LocalPlayer.Character
		wait(1)
		game.Players.LocalPlayer.Character.HumanoidRootPart.CFrame = CFrame.new(-974.82428, 30.5771866, 63.1309509, 0.999850452, -8.77652866e-08, -0.0172939431, 8.6387999e-08, 1, -8.03867337e-08, 0.0172939431, 7.88807242e-08, 0.999850452)
		wait(1)
		fireclickdetector(game.Workspace.CurrentMap:FindFirstChildOfClass("Folder").Utilities["Chair"].Bounds.PickUp)
		wait(1)
		game.Players.LocalPlayer.Backpack["Chair"].Parent=game.Players.LocalPlayer.Character
       	wait(1)
		game.Players.LocalPlayer.Character.HumanoidRootPart.CFrame = CFrame.new(-1022.94171, 7.27715015, 70.9444199, -0.00189195352, 1.57794791e-08, 0.999998212, -2.85189206e-09, 1, -1.57849023e-08, -0.999998212, -2.88175128e-09, -0.00189195352)
		wait(1)
		fireclickdetector(game.Workspace.CurrentMap:FindFirstChildOfClass("Folder").Utilities["Padlock"].Bounds.PickUp)
		wait(1)
		game.Players.LocalPlayer.Backpack["Padlock"].Parent=game.Players.LocalPlayer.Character
		wait(1)
		game.Players.LocalPlayer.Character.HumanoidRootPart.CFrame = CFrame.new(-1157.14233, 7.27714777, 88.0031662, -0.0935551077, 1.14497993e-08, 0.995614111, 1.96997796e-09, 1, -1.13151248e-08, -0.995614111, 9.02750097e-10, -0.0935551077)
		wait(1)
		fireclickdetector(game.Workspace.CurrentMap:FindFirstChildOfClass("Folder").Utilities["White Key"].Bounds.PickUp)
		wait(1)
		game.Players.LocalPlayer.Backpack["White Key"].Parent=game.Players.LocalPlayer.Character
		wait(1)
		game.Players.LocalPlayer.Character.HumanoidRootPart.CFrame = CFrame.new(-1158.27185, 7.27714634, 88.0655899, -0.0727444664, -6.66863897e-08, 0.997350633, -9.19642318e-08, 1, 6.01558767e-08, -0.997350633, -8.73445742e-08, -0.0727444664)
		wait(1)
		fireclickdetector(game.Workspace.CurrentMap:FindFirstChildOfClass("Folder").Utilities["Crowbar"].Bounds.PickUp)
		wait(1)
		game.Players.LocalPlayer.Backpack["Crowbar"].Parent=game.Players.LocalPlayer.Character
		
		

else
	 game.Players.LocalPlayer.Character.HumanoidRootPart.Anchored = false

		end
	end

})
	Tab:AddButton({
	Name = "FireExtinguisher TP",
	Callback = function()
   game.Players.LocalPlayer.Character.HumanoidRootPart.CFrame = CFrame.new(-1107.80005, 30.3271732, 140.695236, -0.999824107, 1.37207634e-09, -0.0187539719, 2.75051737e-09, 1, -7.34754906e-08, 0.0187539719, -7.35141512e-08, -0.999824107)
end
})

Tab:AddButton({
	Name = "Chair Tuning",
	Callback = function()
   game.Players.LocalPlayer.Character.HumanoidRootPart.CFrame = CFrame.new(-973.554749, 30.5771885, 68.9036026, 0.999553144, -3.35894477e-08, 0.0298922807, 3.08162029e-08, 1, 9.32352862e-08, -0.0298922807, -9.22724581e-08, 0.999553144)
end
})



Tab:AddButton({
	Name = "ElevatorWires TP",
	Callback = function()
   game.Players.LocalPlayer.Character.HumanoidRootPart.CFrame = CFrame.new(-1065.02759, 7.2771492, 25.2549648, 0.999148309, 4.61226826e-08, -0.04126307, -4.22780175e-08, 1, 9.40471878e-08, 0.04126307, -9.22225638e-08, 0.999148309)
end
})

Tab:AddButton({
	Name = "Door TP",
	Callback = function()
   game.Players.LocalPlayer.Character.HumanoidRootPart.CFrame = CFrame.new(-1149.96326, 7.27714682, 94.4282303, 0.0133002838, -3.41077566e-08, 0.999911547, -5.66174574e-09, 1, 3.41860833e-08, -0.999911547, -6.11592954e-09, 0.0133002838)
end
})

Tab:AddButton({
	Name = "Set TextBook TP",
	Callback = function()
   game.Players.LocalPlayer.Character.HumanoidRootPart.CFrame = CFrame.new(-1131.12781, 7.27714634, 157.085434, -0.00340093812, -8.51759694e-08, -0.999994218, 8.05291407e-08, 1, -8.54503384e-08, 0.999994218, -8.08192837e-08, -0.00340093812
)
end
})


Tab:AddButton({
	Name = "Green Key",
	Callback = function()
    fireclickdetector(game.Workspace.CurrentMap:FindFirstChildOfClass("Folder").Utilities["Green Key"].Bounds.PickUp)
end
})



Tab:AddButton({
	Name = "Blue Key",
	Callback = function()
    fireclickdetector(game.Workspace.CurrentMap:FindFirstChildOfClass("Folder").Utilities["Blue Key"].Bounds.PickUp)
end
})

Tab:AddButton({
	Name = "Yellow Key",
	Callback = function()
    fireclickdetector(game.Workspace.CurrentMap:FindFirstChildOfClass("Folder").Utilities["Yellow Key"].Bounds.PickUp)
end
})


Tab:AddButton({
	Name = "Purple Key",
	Callback = function()
    fireclickdetector(game.Workspace.CurrentMap:FindFirstChildOfClass("Folder").Utilities["Purple Key"].Bounds.PickUp)
end
})

Tab:AddButton({
	Name = "Orange Key",
	Callback = function()
    fireclickdetector(game.Workspace.CurrentMap:FindFirstChildOfClass("Folder").Utilities["Orange Key"].Bounds.PickUp)
end
})

Tab:AddButton({
	Name = "Red Key",
	Callback = function()
    fireclickdetector(game.Workspace.CurrentMap:FindFirstChildOfClass("Folder").Utilities["Red Key"].Bounds.PickUp)
end
})	

Tab:AddButton({
	Name = "White Key",
	Callback = function()
    fireclickdetector(game.Workspace.CurrentMap:FindFirstChildOfClass("Folder").Utilities["White Key"].Bounds.PickUp)
end
})
Tab:AddButton({
	Name = "Pink Key",
	Callback = function()
    fireclickdetector(game.Workspace.CurrentMap:FindFirstChildOfClass("Folder").Utilities["Pink Key"].Bounds.PickUp)
end
})


Tab:AddButton({
	Name = "Red Wire",
	Callback = function()
    fireclickdetector(game.Workspace.CurrentMap:FindFirstChildOfClass("Folder").Utilities["Red Wire"].Bounds.PickUp)
end
})

Tab:AddButton({
	Name = "Green Wire",
	Callback = function()
    fireclickdetector(game.Workspace.CurrentMap:FindFirstChildOfClass("Folder").Utilities["Green Wire"].Bounds.PickUp)
end
})

Tab:AddButton({
	Name = "Textbook",
	Callback = function()
    fireclickdetector(game.Workspace.CurrentMap:FindFirstChildOfClass("Folder").Utilities["Textbook"].Bounds.PickUp)
end
})

Tab:AddButton({
	Name = "FireExtinguisher",
	Callback = function()
    fireclickdetector(game.Workspace.CurrentMap:FindFirstChildOfClass("Folder").Utilities["FireExtinguisher"].Bounds.PickUp)
end
})

Tab:AddButton({
	Name = "Hammer",
	Callback = function()
    fireclickdetector(game.Workspace.CurrentMap:FindFirstChildOfClass("Folder").Utilities["Hammer"].Bounds.PickUp)
end
})

Tab:AddButton({
	Name = "Chair",
	Callback = function()
    fireclickdetector(game.Workspace.CurrentMap:FindFirstChildOfClass("Folder").Utilities["Chair"].Bounds.PickUp)
end
})

Tab:AddButton({
	Name = "Padlock",
	Callback = function()
    fireclickdetector(game.Workspace.CurrentMap:FindFirstChildOfClass("Folder").Utilities["Padlock"].Bounds.PickUp)
end
})

Tab:AddButton({
	Name = "Taser",
	Callback = function()
    fireclickdetector(game.Workspace.CurrentMap:FindFirstChildOfClass("Folder").Utilities["Taser"].Bounds.PickUp)
end
})



local Tab = Window:MakeTab({
	Name = "Hangout",
	Icon = "rbxassetid://4483345998",
	PremiumOnly = false
})

Tab:AddLabel("Chapter 5 Hangout")


Tab:AddToggle({
	Name = "Auto Farm",
	Default = false,
	Callback = function(Value)
		if Value then
		
			
		
		game.Players.LocalPlayer.Character.HumanoidRootPart.CFrame = CFrame.new(224.710007, 43.0025215, 239.255829, 0.997748554, 2.04254675e-08, -0.0670658499, -2.56341313e-08, 1, -7.68043762e-08, 0.0670658499, 7.83506309e-08, 0.997748554)
		wait(1)
		fireclickdetector(game.Workspace.CurrentMap:FindFirstChildOfClass("Folder").Utilities["White Key"].Bounds.PickUp)
		wait(1)
		game.Players.LocalPlayer.Backpack["White Key"].Parent=game.Players.LocalPlayer.Character
		wait(1)
		fireclickdetector(game.Workspace.CurrentMap:FindFirstChildOfClass("Folder").Utilities["Wrench"].Bounds.PickUp)
		wait(1)
		game.Players.LocalPlayer.Backpack["Wrench"].Parent=game.Players.LocalPlayer.Character
		wait(1)
		game.Players.LocalPlayer.Character.HumanoidRootPart.CFrame = CFrame.new(229.609238, 44.7648659, 239.04953, 0.998902559, -8.01007971e-08, -0.0468370467, 8.2014779e-08, 1, 3.89431101e-08, 0.0468370467, -4.27417e-08, 0.998902559)
	    wait(1)
		game.Players.LocalPlayer.Character.HumanoidRootPart.CFrame = CFrame.new(197.147919, 26.252533, 226.254456, 0.00223878375, -4.58347245e-08, -0.999997497, 7.40060124e-10, 1, -4.58331826e-08, 0.999997497, -6.3744765e-10, 0.00223878375)
	    wait(1)
		fireclickdetector(game.Workspace.CurrentMap:FindFirstChildOfClass("Folder").Utilities["Bear"].Bounds.PickUp)
		wait(1)
		game.Players.LocalPlayer.Backpack["Bear"].Parent=game.Players.LocalPlayer.Character
		wait(1)
	    game.Players.LocalPlayer.Character.HumanoidRootPart.CFrame = CFrame.new(243.46701, 43.000515, 256.13327, -0.999913335, 1.02356182e-07, 0.013167046, 1.02347606e-07, 1, -1.3249144e-09, -0.013167046, 2.28160286e-11, -0.999913335)
	    wait(1)
		fireclickdetector(game.Workspace.CurrentMap:FindFirstChildOfClass("Folder").Utilities["Toy Hammer"].Bounds.PickUp)
		wait(1)
		game.Players.LocalPlayer.Backpack["Toy Hammer"].Parent=game.Players.LocalPlayer.Character
		wait(1)
		game.Players.LocalPlayer.Character.HumanoidRootPart.CFrame = CFrame.new(227.923904, 43.0025215, 256.516663, -0.999988079, 3.21435252e-08, 0.00488359807, 3.25709593e-08, 1, 8.7444505e-08, -0.00488359807, 8.76025226e-08, -0.999988079)
		wait(1)
		game.Players.LocalPlayer.Character.HumanoidRootPart.CFrame = CFrame.new(222.560349, 43.9045258, 296.224121, 0.0561272316, -1.44296406e-08, -0.998423636, 1.38826364e-11, 1, -1.44516425e-08, 0.998423636, 7.97269917e-10, 0.0561272316)
	    wait(1)
		fireclickdetector(game.Workspace.CurrentMap:FindFirstChildOfClass("Folder").Utilities["Knob"].Bounds.PickUp)
		wait(1)
		game.Players.LocalPlayer.Backpack["Knob"].Parent=game.Players.LocalPlayer.Character
		wait(1)
			game.Players.LocalPlayer.Character.HumanoidRootPart.CFrame = CFrame.new(225.256042, 43.0025215, 245.553009, 0.999919772, 6.52965895e-08, -0.012669106, -6.58951933e-08, 1, -4.68315378e-08, 0.012669106, 4.76626134e-08, 0.999919772)
		
else
	 game.Players.LocalPlayer.Character.HumanoidRootPart.Anchored = false

		end
	end

})

Tab:AddButton({
	Name = "Door TP",
	Callback = function()
    game.Players.LocalPlayer.Character.HumanoidRootPart.CFrame = CFrame.new(225.256042, 43.0025215, 245.553009, 0.999919772, 6.52965895e-08, -0.012669106, -6.58951933e-08, 1, -4.68315378e-08, 0.012669106, 4.76626134e-08, 0.999919772)

   end
})


Tab:AddButton({
	Name = "Bear Tuning TP",
	Callback = function()
  game.Players.LocalPlayer.Character.HumanoidRootPart.CFrame = CFrame.new(192.193909, 26.2525291, 226.246582, -0.0205003601, -7.56449126e-08, -0.999789834, 6.22982341e-08, 1, -7.6938214e-08, 0.999789834, -6.38624016e-08, -0.0205003601)


   end
})



Tab:AddButton({
	Name = "Green Key",
	Callback = function()
    fireclickdetector(game.Workspace.CurrentMap:FindFirstChildOfClass("Folder").Utilities["Green Key"].Bounds.PickUp)
end
})


Tab:AddButton({
	Name = "Blue Key",
	Callback = function()
    fireclickdetector(game.Workspace.CurrentMap:FindFirstChildOfClass("Folder").Utilities["Blue Key"].Bounds.PickUp)
end
})

Tab:AddButton({
	Name = "Yellow Key",
	Callback = function()
    fireclickdetector(game.Workspace.CurrentMap:FindFirstChildOfClass("Folder").Utilities["Yellow Key"].Bounds.PickUp)
end
})


Tab:AddButton({
	Name = "Orange Key",
	Callback = function()
    fireclickdetector(game.Workspace.CurrentMap:FindFirstChildOfClass("Folder").Utilities["Orange Key"].Bounds.PickUp)
end
})

Tab:AddButton({
	Name = "Purple Key",
	Callback = function()
    fireclickdetector(game.Workspace.CurrentMap:FindFirstChildOfClass("Folder").Utilities["Purple Key"].Bounds.PickUp)
end
})



Tab:AddButton({
	Name = "Red Key",
	Callback = function()
    fireclickdetector(game.Workspace.CurrentMap:FindFirstChildOfClass("Folder").Utilities["Red Key"].Bounds.PickUp)
end
})	


Tab:AddButton({
	Name = "White Key",
	Callback = function()
    fireclickdetector(game.Workspace.CurrentMap:FindFirstChildOfClass("Folder").Utilities["White Key"].Bounds.PickUp)
end
})


Tab:AddButton({
	Name = "Lever",
	Callback = function()
    fireclickdetector(game.Workspace.CurrentMap:FindFirstChildOfClass("Folder").Utilities["Lever"].Bounds.PickUp)
end
})	

Tab:AddButton({
	Name = "Coin",
	Callback = function()
    fireclickdetector(game.Workspace.CurrentMap:FindFirstChildOfClass("Folder").Utilities["Coin"].Bounds.PickUp)
end
})	

Tab:AddButton({
	Name = "Power Cord",
	Callback = function()
    fireclickdetector(game.Workspace.CurrentMap:FindFirstChildOfClass("Folder").Utilities["Power Cord"].Bounds.PickUp)
end
})	

Tab:AddButton({
	Name = "Wrench",
	Callback = function()
    fireclickdetector(game.Workspace.CurrentMap:FindFirstChildOfClass("Folder").Utilities["Wrench"].Bounds.PickUp)
end
})

Tab:AddButton({
	Name = "Toy Hammer",
	Callback = function()
    fireclickdetector(game.Workspace.CurrentMap:FindFirstChildOfClass("Folder").Utilities["Toy Hammer"].Bounds.PickUp)
end
})	

Tab:AddButton({
	Name = "Knob",
	Callback = function()
    fireclickdetector(game.Workspace.CurrentMap:FindFirstChildOfClass("Folder").Utilities["Knob"].Bounds.PickUp)
end
})	

Tab:AddButton({
	Name = "Bear",
	Callback = function()
    fireclickdetector(game.Workspace.CurrentMap:FindFirstChildOfClass("Folder").Utilities["Bear"].Bounds.PickUp)
end
})	


Tab:AddButton({
	Name = "Scissors",
	Callback = function()
    fireclickdetector(game.Workspace.CurrentMap:FindFirstChildOfClass("Folder").Utilities["Scissors"].Bounds.PickUp)
end
})	




local Tab = Window:MakeTab({
	Name = "Secret Base",
	Icon = "rbxassetid://4483345998",
	PremiumOnly = false
})

Tab:AddLabel("Chapter 6 Secret Base")



Tab:AddToggle({
	Name = "Auto Farm",
	Default = false,
	Callback = function(Value)
		if Value then
	--Crowbar		
		game.Players.LocalPlayer.Character.HumanoidRootPart.CFrame = CFrame.new(15.6786423, 2.96590376, 963.535278, -0.997326255, -1.11353176e-08, 0.0730778351, -1.12010117e-08, 1, -4.89133678e-10, -0.0730778351, -1.30637157e-09, -0.997326255)
		fireclickdetector(game.Workspace.CurrentMap:FindFirstChildOfClass("Folder").Utilities["ID Card"].Bounds.PickUp)
		wait(1)
		game.Players.LocalPlayer.Backpack["ID Card"].Parent=game.Players.LocalPlayer.Character
		wait(1)

		game.Players.LocalPlayer.Character.HumanoidRootPart.CFrame = CFrame.new(4.43264246, 2.96590376, 963.906677, -0.99984014, -7.22878957e-09, -0.0178807676, -5.70260905e-09, 1, -8.54041886e-08, 0.0178807676, -8.52885691e-08, -0.99984014)
		fireclickdetector(game.Workspace.CurrentMap:FindFirstChildOfClass("Folder").Utilities["Wrench"].Bounds.PickUp)
		wait(1)

		game.Players.LocalPlayer.Backpack["Wrench"].Parent=game.Players.LocalPlayer.Character
		wait(1)
